6425803786
6514752846
7743518130
7880837550
7390871236
8052754949
6909498120
6849976626
7566854549
7434770445
5520956533
7229291648
7851130052
2121206384
6468371224
6835988350
7922680051
7294734909
5654669311
79660046
5091098144
5439501403
7650095958
6935431893
5767321071
8185102636
6483322940
5087214961
5888257610
6784902598
6190704190
6798138315
6282879896
7021543858
1839612150
743158199
5591672033
5685500502
7799050191
7940744445
7975992702
6740235077
1047408798
8187093741
1792951623
6968351970
7359318588
5401497030
5917966910
6945637515
1955063777
5822821113
6824708911
1840565672
864547767
7811345657
2002818958
7900751458
7575344554
7283032956
1622496914
7553423579
2120244980
7166634707
1860998489
8017889906
6497376498
7975942220
6366365723
1874616454
8176979435
7087748158
5458331899
5817300167
6343371637
6632968688
5871892496
7771917581
6885292561
7301953244
7682961771
6363524297
7711453440
7328110633
7544255547
7595646447
8122837923
7749988033
7787601796
8076032855
1972626654
7934349966
6519519868
7729977842
8125953296
5182653285
6617041144
8125750329